-9.61678e-02 -1.45005e-03 -3.76083e-05
-9.61616e-02 -1.44985e-03 -3.75941e-05
-9.61430e-02 -1.44926e-03 -3.75517e-05
-9.61119e-02 -1.44827e-03 -3.74810e-05
-9.60685e-02 -1.44689e-03 -3.73822e-05
-9.60127e-02 -1.44511e-03 -3.72552e-05
-9.59444e-02 -1.44293e-03 -3.71002e-05
-9.58638e-02 -1.44037e-03 -3.69173e-05
-9.57708e-02 -1.43741e-03 -3.67066e-05
-9.56655e-02 -1.43407e-03 -3.64683e-05
-9.55479e-02 -1.43033e-03 -3.62026e-05
-9.54179e-02 -1.42621e-03 -3.59096e-05
-9.52757e-02 -1.42170e-03 -3.55897e-05
-9.51212e-02 -1.41680e-03 -3.52429e-05
-9.49545e-02 -1.41153e-03 -3.48696e-05
-9.47756e-02 -1.40588e-03 -3.44701e-05
-9.45846e-02 -1.39985e-03 -3.40447e-05
-9.43814e-02 -1.39344e-03 -3.35936e-05
-9.41661e-02 -1.38666e-03 -3.31172e-05
-9.39388e-02 -1.37952e-03 -3.26160e-05
-9.36994e-02 -1.37201e-03 -3.20901e-05
-9.34481e-02 -1.36414e-03 -3.15401e-05
-9.31849e-02 -1.35590e-03 -3.09663e-05
-9.29098e-02 -1.34732e-03 -3.03692e-05
-9.26228e-02 -1.33838e-03 -2.97492e-05
-9.23241e-02 -1.32909e-03 -2.91068e-05
-9.20137e-02 -1.31946e-03 -2.84424e-05
-9.16917e-02 -1.30949e-03 -2.77566e-05
-9.13580e-02 -1.29918e-03 -2.70497e-05
-9.10127e-02 -1.28854e-03 -2.63225e-05
-9.06560e-02 -1.27757e-03 -2.55753e-05
-9.02879e-02 -1.26628e-03 -2.48088e-05
-8.99084e-02 -1.25468e-03 -2.40235e-05
-8.95177e-02 -1.24276e-03 -2.32199e-05
-8.91157e-02 -1.23053e-03 -2.23987e-05
-8.87026e-02 -1.21800e-03 -2.15605e-05
-8.82784e-02 -1.20517e-03 -2.07059e-05
-8.78433e-02 -1.19206e-03 -1.98354e-05
-8.73972e-02 -1.17865e-03 -1.89497e-05
-8.69402e-02 -1.16496e-03 -1.80496e-05
-8.64726e-02 -1.15100e-03 -1.71355e-05
-8.59942e-02 -1.13677e-03 -1.62082e-05
-8.55053e-02 -1.12227e-03 -1.52683e-05
-8.50058e-02 -1.10751e-03 -1.43165e-05
-8.44960e-02 -1.09251e-03 -1.33535e-05
-8.39758e-02 -1.07726e-03 -1.23800e-05
-8.34454e-02 -1.06176e-03 -1.13966e-05
-8.29048e-02 -1.04604e-03 -1.04041e-05
-8.23542e-02 -1.03009e-03 -9.40321e-06
-8.17937e-02 -1.01392e-03 -8.39454e-06
-8.12232e-02 -9.97529e-04 -7.37884e-06
-8.06431e-02 -9.80936e-04 -6.35683e-06
-8.00532e-02 -9.64142e-04 -5.32922e-06
-7.94539e-02 -9.47154e-04 -4.29672e-06
-7.88450e-02 -9.29979e-04 -3.26006e-06
-7.82268e-02 -9.12624e-04 -2.21994e-06
-7.75994e-02 -8.95095e-04 -1.17709e-06
-7.69629e-02 -8.77400e-04 -1.32211e-07
-7.63173e-02 -8.59545e-04  9.13970e-07
-7.56627e-02 -8.41537e-04  1.96075e-06
-7.49994e-02 -8.23384e-04  3.00740e-06
-7.43274e-02 -8.05093e-04  4.05324e-06
-7.36468e-02 -7.86670e-04  5.09755e-06
-7.29577e-02 -7.68123e-04  6.13963e-06
-7.22603e-02 -7.49459e-04  7.17878e-06
-7.15546e-02 -7.30685e-04  8.21433e-06
-7.08408e-02 -7.11808e-04  9.24558e-06
-7.01190e-02 -6.92835e-04  1.02719e-05
-6.93893e-02 -6.73775e-04  1.12925e-05
-6.86519e-02 -6.54632e-04  1.23068e-05
-6.79068e-02 -6.35416e-04  1.33142e-05
-6.71541e-02 -6.16133e-04  1.43139e-05
-6.63941e-02 -5.96790e-04  1.53054e-05
-6.56268e-02 -5.77395e-04  1.62880e-05
-6.48523e-02 -5.57954e-04  1.72611e-05
-6.40708e-02 -5.38475e-04  1.82241e-05
-6.32824e-02 -5.18965e-04  1.91764e-05
-6.24872e-02 -4.99430e-04  2.01173e-05
-6.16853e-02 -4.79879e-04  2.10464e-05
-6.08769e-02 -4.60317e-04  2.19630e-05
-6.00622e-02 -4.40752e-04  2.28667e-05
-5.92411e-02 -4.21191e-04  2.37567e-05
-5.84139e-02 -4.01641e-04  2.46327e-05
-5.75807e-02 -3.82109e-04  2.54941e-05
-5.67415e-02 -3.62600e-04  2.63404e-05
-5.58967e-02 -3.43123e-04  2.71711e-05
-5.50462e-02 -3.23684e-04  2.79857e-05
-5.41902e-02 -3.04289e-04  2.87838e-05
-5.33288e-02 -2.84945e-04  2.95649e-05
-5.24622e-02 -2.65659e-04  3.03285e-05
-5.15905e-02 -2.46436e-04  3.10744e-05
-5.07138e-02 -2.27284e-04  3.18020e-05
-4.98323e-02 -2.08208e-04  3.25110e-05
-4.89460e-02 -1.89216e-04  3.32010e-05
-4.80552e-02 -1.70312e-04  3.38716e-05
-4.71599e-02 -1.51504e-04  3.45225e-05
-4.62603e-02 -1.32796e-04  3.51535e-05
-4.53565e-02 -1.14196e-04  3.57640e-05
-4.44487e-02 -9.57079e-05  3.63540e-05
-4.35369e-02 -7.73387e-05  3.69230e-05
-4.26214e-02 -5.90937e-05  3.74709e-05
-4.17022e-02 -4.09784e-05  3.79974e-05
-4.07794e-02 -2.29983e-05  3.85022e-05
-3.98533e-02 -5.15869e-06  3.89852e-05
-3.89239e-02  1.25351e-05  3.94461e-05
-3.79913e-02  3.00780e-05  3.98848e-05
-3.70558e-02  4.74649e-05  4.03012e-05
-3.61173e-02  6.46909e-05  4.06949e-05
-3.51762e-02  8.17511e-05  4.10661e-05
-3.42324e-02  9.86408e-05  4.14144e-05
-3.32861e-02  1.15355e-04  4.17399e-05
-3.23374e-02  1.31890e-04  4.20425e-05
-3.13866e-02  1.48241e-04  4.23220e-05
-3.04336e-02  1.64404e-04  4.25785e-05
-2.94787e-02  1.80374e-04  4.28118e-05
-2.85219e-02  1.96147e-04  4.30221e-05
-2.75633e-02  2.11720e-04  4.32092e-05
-2.66032e-02  2.27088e-04  4.33733e-05
-2.56416e-02  2.42249e-04  4.35142e-05
-2.46787e-02  2.57198e-04  4.36322e-05
-2.37146e-02  2.71931e-04  4.37272e-05
-2.27493e-02  2.86446e-04  4.37992e-05
-2.17831e-02  3.00740e-04  4.38485e-05
-2.08160e-02  3.14808e-04  4.38751e-05
-1.98483e-02  3.28649e-04  4.38791e-05
-1.88799e-02  3.42259e-04  4.38607e-05
-1.79110e-02  3.55636e-04  4.38199e-05
-1.69417e-02  3.68777e-04  4.37570e-05
-1.59722e-02  3.81679e-04  4.36721e-05
-1.50026e-02  3.94341e-04  4.35654e-05
-1.40330e-02  4.06759e-04  4.34371e-05
-1.30634e-02  4.18932e-04  4.32874e-05
-1.20941e-02  4.30858e-04  4.31166e-05
-1.11252e-02  4.42535e-04  4.29248e-05
-1.01567e-02  4.53961e-04  4.27123e-05
-9.18872e-03  4.65134e-04  4.24794e-05
-8.22146e-03  4.76054e-04  4.22263e-05
-7.25499e-03  4.86718e-04  4.19533e-05
-6.28943e-03  4.97126e-04  4.16607e-05
-5.32488e-03  5.07276e-04  4.13487e-05
-4.36146e-03  5.17167e-04  4.10177e-05
-3.39926e-03  5.26798e-04  4.06680e-05
-2.43841e-03  5.36169e-04  4.03000e-05
-1.47901e-03  5.45279e-04  3.99138e-05
-5.21163e-04  5.54128e-04  3.95100e-05
 4.35027e-04  5.62715e-04  3.90888e-05
 1.38945e-03  5.71039e-04  3.86505e-05
 2.34202e-03  5.79101e-04  3.81956e-05
 3.29261e-03  5.86900e-04  3.77244e-05
 4.24113e-03  5.94437e-04  3.72372e-05
 5.18748e-03  6.01712e-04  3.67345e-05
 6.13157e-03  6.08724e-04  3.62166e-05
 7.07329e-03  6.15475e-04  3.56840e-05
 8.01254e-03  6.21965e-04  3.51369e-05
 8.94923e-03  6.28195e-04  3.45759e-05
 9.88326e-03  6.34164e-04  3.40013e-05
 1.08145e-02  6.39875e-04  3.34134e-05
 1.17430e-02  6.45328e-04  3.28128e-05
 1.26685e-02  6.50523e-04  3.21998e-05
 1.35910e-02  6.55463e-04  3.15749e-05
 1.45103e-02  6.60148e-04  3.09384e-05
 1.54265e-02  6.64580e-04  3.02908e-05
 1.63393e-02  6.68760e-04  2.96324e-05
 1.72488e-02  6.72690e-04  2.89638e-05
 1.81548e-02  6.76371e-04  2.82853e-05
 1.90573e-02  6.79805e-04  2.75974e-05
 1.99561e-02  6.82994e-04  2.69004e-05
 2.08512e-02  6.85940e-04  2.61948e-05
 2.17425e-02  6.88645e-04  2.54810e-05
 2.26299e-02  6.91110e-04  2.47594e-05
 2.35133e-02  6.93339e-04  2.40305e-05
 2.43927e-02  6.95333e-04  2.32947e-05
 2.52680e-02  6.97094e-04  2.25523e-05
 2.61391e-02  6.98625e-04  2.18038e-05
 2.70059e-02  6.99929e-04  2.10496e-05
 2.78683e-02  7.01008e-04  2.02901e-05
 2.87264e-02  7.01865e-04  1.95258e-05
 2.95799e-02  7.02502e-04  1.87569e-05
 3.04289e-02  7.02922e-04  1.79840e-05
 3.12732e-02  7.03129e-04  1.72074e-05
 3.21129e-02  7.03124e-04  1.64274e-05
 3.29477e-02  7.02911e-04  1.56446e-05
 3.37777e-02  7.02494e-04  1.48593e-05
 3.46028e-02  7.01874e-04  1.40718e-05
 3.54230e-02  7.01056e-04  1.32825e-05
 3.62381e-02  7.00042e-04  1.24919e-05
 3.70480e-02  6.98837e-04  1.17002e-05
 3.78529e-02  6.97442e-04  1.09078e-05
 3.86524e-02  6.95862e-04  1.01151e-05
 3.94467e-02  6.94100e-04  9.32247e-06
 4.02357e-02  6.92160e-04  8.53018e-06
 4.10192e-02  6.90044e-04  7.73859e-06
 4.17973e-02  6.87758e-04  6.94805e-06
 4.25698e-02  6.85303e-04  6.15887e-06
 4.33368e-02  6.82684e-04  5.37138e-06
 4.40981e-02  6.79906e-04  4.58588e-06
 4.48538e-02  6.76970e-04  3.80267e-06
 4.56037e-02  6.73882e-04  3.02207e-06
 4.63478e-02  6.70644e-04  2.24436e-06
 4.70861e-02  6.67262e-04  1.46983e-06
 4.78184e-02  6.63738e-04  6.98753e-07
 4.85448e-02  6.60076e-04 -6.85960e-08
 4.92653e-02  6.56281e-04 -8.31953e-07
 4.99796e-02  6.52357e-04 -1.59106e-06
 5.06879e-02  6.48307e-04 -2.34567e-06
 5.13901e-02  6.44135e-04 -3.09553e-06
 5.20860e-02  6.39846e-04 -3.84042e-06
 5.27758e-02  6.35444e-04 -4.58010e-06
 5.34593e-02  6.30931e-04 -5.31435e-06
 5.41364e-02  6.26314e-04 -6.04295e-06
 5.48072e-02  6.21594e-04 -6.76571e-06
 5.54716e-02  6.16778e-04 -7.48241e-06
 5.61296e-02  6.11868e-04 -8.19287e-06
 5.67811e-02  6.06869e-04 -8.89691e-06
 5.74261e-02  6.01785e-04 -9.59434e-06
 5.80645e-02  5.96620e-04 -1.02850e-05
 5.86963e-02  5.91378e-04 -1.09687e-05
 5.93215e-02  5.86063e-04 -1.16453e-05
 5.99400e-02  5.80680e-04 -1.23147e-05
 6.05519e-02  5.75231e-04 -1.29767e-05
 6.11570e-02  5.69722e-04 -1.36311e-05
 6.17553e-02  5.64157e-04 -1.42780e-05
 6.23469e-02  5.58539e-04 -1.49170e-05
 6.29316e-02  5.52873e-04 -1.55481e-05
 6.35094e-02  5.47163e-04 -1.61713e-05
 6.40804e-02  5.41412e-04 -1.67863e-05
 6.46444e-02  5.35624e-04 -1.73932e-05
 6.52015e-02  5.29805e-04 -1.79918e-05
 6.57515e-02  5.23956e-04 -1.85820e-05
 6.62946e-02  5.18084e-04 -1.91637e-05
 6.68306e-02  5.12191e-04 -1.97370e-05
 6.73596e-02  5.06281e-04 -2.03017e-05
 6.78815e-02  5.00359e-04 -2.08577e-05
 6.83962e-02  4.94427e-04 -2.14050e-05
 6.89039e-02  4.88491e-04 -2.19436e-05
 6.94043e-02  4.82554e-04 -2.24735e-05
 6.98975e-02  4.76618e-04 -2.29945e-05
 7.03836e-02  4.70690e-04 -2.35066e-05
 7.08624e-02  4.64771e-04 -2.40099e-05
 7.13339e-02  4.58866e-04 -2.45043e-05
 7.17982e-02  4.52978e-04 -2.49897e-05
 7.22551e-02  4.47111e-04 -2.54663e-05
 7.27048e-02  4.41268e-04 -2.59338e-05
 7.31470e-02  4.35453e-04 -2.63925e-05
 7.35819e-02  4.29670e-04 -2.68422e-05
 7.40095e-02  4.23922e-04 -2.72830e-05
 7.44296e-02  4.18212e-04 -2.77148e-05
 7.48423e-02  4.12544e-04 -2.81377e-05
 7.52476e-02  4.06921e-04 -2.85517e-05
 7.56454e-02  4.01346e-04 -2.89568e-05
 7.60358e-02  3.95822e-04 -2.93530e-05
 7.64186e-02  3.90353e-04 -2.97404e-05
 7.67940e-02  3.84943e-04 -3.01190e-05
 7.71618e-02  3.79593e-04 -3.04888e-05
 7.75221e-02  3.74307e-04 -3.08498e-05
 7.78749e-02  3.69088e-04 -3.12021e-05
 7.82201e-02  3.63938e-04 -3.15457e-05
 7.85577e-02  3.58862e-04 -3.18807e-05
 7.88877e-02  3.53861e-04 -3.22070e-05
 7.92102e-02  3.48939e-04 -3.25248e-05
 7.95250e-02  3.44098e-04 -3.28341e-05
 7.98322e-02  3.39340e-04 -3.31348e-05
 8.01317e-02  3.34669e-04 -3.34272e-05
 8.04236e-02  3.30087e-04 -3.37111e-05
 8.07078e-02  3.25596e-04 -3.39867e-05
 8.09844e-02  3.21199e-04 -3.42540e-05
 8.12533e-02  3.16898e-04 -3.45131e-05
 8.15145e-02  3.12696e-04 -3.47640e-05
 8.17680e-02  3.08595e-04 -3.50067e-05
 8.20138e-02  3.04597e-04 -3.52413e-05
 8.22518e-02  3.00704e-04 -3.54679e-05
 8.24822e-02  2.96918e-04 -3.56864e-05
 8.27048e-02  2.93241e-04 -3.58971e-05
 8.29196e-02  2.89676e-04 -3.60998e-05
 8.31267e-02  2.86224e-04 -3.62947e-05
 8.33261e-02  2.82886e-04 -3.64817e-05
 8.35177e-02  2.79665e-04 -3.66611e-05
 8.37015e-02  2.76563e-04 -3.68327e-05
 8.38775e-02  2.73581e-04 -3.69966e-05
 8.40458e-02  2.70720e-04 -3.71529e-05
 8.42063e-02  2.67982e-04 -3.73016e-05
 8.43589e-02  2.65368e-04 -3.74428e-05
 8.45038e-02  2.62881e-04 -3.75765e-05
 8.46409e-02  2.60520e-04 -3.77028e-05
 8.47702e-02  2.58288e-04 -3.78216e-05
 8.48916e-02  2.56185e-04 -3.79330e-05
 8.50052e-02  2.54213e-04 -3.80371e-05
 8.51111e-02  2.52372e-04 -3.81338e-05
 8.52090e-02  2.50664e-04 -3.82233e-05
 8.52992e-02  2.49089e-04 -3.83055e-05
 8.53815e-02  2.47649e-04 -3.83805e-05
 8.54560e-02  2.46343e-04 -3.84482e-05
 8.55227e-02  2.45174e-04 -3.85088e-05
 8.55815e-02  2.44140e-04 -3.85622e-05
 8.56325e-02  2.43243e-04 -3.86084e-05
 8.56756e-02  2.42483e-04 -3.86475e-05
 8.57110e-02  2.41861e-04 -3.86795e-05
 8.57384e-02  2.41377e-04 -3.87043e-05
 8.57580e-02  2.41031e-04 -3.87221e-05
 8.57698e-02  2.40823e-04 -3.87327e-05
 8.57737e-02  2.40754e-04 -3.87363e-05
