-8.40851e-01 -1.39934e+00 -2.18250e+00
-8.40627e-01 -1.39898e+00 -2.18160e+00
-8.39954e-01 -1.39789e+00 -2.17888e+00
-8.38834e-01 -1.39608e+00 -2.17435e+00
-8.37268e-01 -1.39355e+00 -2.16803e+00
-8.35258e-01 -1.39030e+00 -2.15991e+00
-8.32807e-01 -1.38633e+00 -2.15001e+00
-8.29917e-01 -1.38165e+00 -2.13834e+00
-8.26593e-01 -1.37627e+00 -2.12493e+00
-8.22839e-01 -1.37019e+00 -2.10980e+00
-8.18660e-01 -1.36342e+00 -2.09296e+00
-8.14062e-01 -1.35598e+00 -2.07445e+00
-8.09052e-01 -1.34785e+00 -2.05429e+00
-8.03636e-01 -1.33907e+00 -2.03253e+00
-7.97823e-01 -1.32964e+00 -2.00919e+00
-7.91622e-01 -1.31958e+00 -1.98432e+00
-7.85042e-01 -1.30890e+00 -1.95798e+00
-7.78094e-01 -1.29761e+00 -1.93020e+00
-7.70790e-01 -1.28573e+00 -1.90106e+00
-7.63143e-01 -1.27328e+00 -1.87060e+00
-7.55164e-01 -1.26029e+00 -1.83889e+00
-7.46870e-01 -1.24677e+00 -1.80601e+00
-7.38275e-01 -1.23274e+00 -1.77202e+00
-7.29395e-01 -1.21824e+00 -1.73702e+00
-7.20247e-01 -1.20327e+00 -1.70106e+00
-7.10846e-01 -1.18788e+00 -1.66425e+00
-7.01211e-01 -1.17207e+00 -1.62666e+00
-6.91359e-01 -1.15589e+00 -1.58838e+00
-6.81306e-01 -1.13935e+00 -1.54949e+00
-6.71070e-01 -1.12248e+00 -1.51007e+00
-6.60667e-01 -1.10530e+00 -1.47021e+00
-6.50113e-01 -1.08785e+00 -1.42997e+00
-6.39424e-01 -1.07013e+00 -1.38944e+00
-6.28615e-01 -1.05218e+00 -1.34869e+00
-6.17699e-01 -1.03402e+00 -1.30777e+00
-6.06690e-01 -1.01566e+00 -1.26676e+00
-5.95600e-01 -9.97130e-01 -1.22570e+00
-5.84442e-01 -9.78445e-01 -1.18466e+00
-5.73227e-01 -9.59621e-01 -1.14368e+00
-5.61965e-01 -9.40677e-01 -1.10281e+00
-5.50667e-01 -9.21629e-01 -1.06210e+00
-5.39342e-01 -9.02492e-01 -1.02158e+00
-5.28000e-01 -8.83280e-01 -9.81295e-01
-5.16649e-01 -8.64008e-01 -9.41278e-01
-5.05297e-01 -8.44691e-01 -9.01563e-01
-4.93952e-01 -8.25339e-01 -8.62182e-01
-4.82622e-01 -8.05967e-01 -8.23164e-01
-4.71313e-01 -7.86586e-01 -7.84537e-01
-4.60034e-01 -7.67209e-01 -7.46325e-01
-4.48789e-01 -7.47845e-01 -7.08554e-01
-4.37586e-01 -7.28507e-01 -6.71245e-01
-4.26430e-01 -7.09204e-01 -6.34421e-01
-4.15328e-01 -6.89947e-01 -5.98099e-01
-4.04283e-01 -6.70746e-01 -5.62299e-01
-3.93303e-01 -6.51609e-01 -5.27037e-01
-3.82390e-01 -6.32545e-01 -4.92328e-01
-3.71551e-01 -6.13564e-01 -4.58187e-01
-3.60788e-01 -5.94673e-01 -4.24627e-01
-3.50108e-01 -5.75881e-01 -3.91660e-01
-3.39512e-01 -5.57195e-01 -3.59295e-01
-3.29005e-01 -5.38621e-01 -3.27543e-01
-3.18591e-01 -5.20168e-01 -2.96412e-01
-3.08273e-01 -5.01842e-01 -2.65909e-01
-2.98053e-01 -4.83649e-01 -2.36041e-01
-2.87934e-01 -4.65596e-01 -2.06814e-01
-2.77919e-01 -4.47687e-01 -1.78230e-01
-2.68011e-01 -4.29928e-01 -1.50295e-01
-2.58211e-01 -4.12326e-01 -1.23012e-01
-2.48523e-01 -3.94883e-01 -9.63805e-02
-2.38946e-01 -3.77606e-01 -7.04035e-02
-2.29484e-01 -3.60498e-01 -4.50810e-02
-2.20138e-01 -3.43564e-01 -2.04125e-02
-2.10908e-01 -3.26807e-01  3.60296e-03
-2.01797e-01 -3.10232e-01  2.69671e-02
-1.92806e-01 -2.93841e-01  4.96822e-02
-1.83935e-01 -2.77638e-01  7.17512e-02
-1.75184e-01 -2.61626e-01  9.31776e-02
-1.66556e-01 -2.45807e-01  1.13965e-01
-1.58050e-01 -2.30184e-01  1.34119e-01
-1.49667e-01 -2.14760e-01  1.53644e-01
-1.41407e-01 -1.99536e-01  1.72546e-01
-1.33270e-01 -1.84514e-01  1.90830e-01
-1.25256e-01 -1.69697e-01  2.08503e-01
-1.17366e-01 -1.55086e-01  2.25571e-01
-1.09598e-01 -1.40681e-01  2.42042e-01
-1.01954e-01 -1.26486e-01  2.57923e-01
-9.44316e-02 -1.12500e-01  2.73222e-01
-8.70318e-02 -9.87239e-02  2.87947e-01
-7.97535e-02 -8.51594e-02  3.02105e-01
-7.25964e-02 -7.18067e-02  3.15707e-01
-6.55597e-02 -5.86663e-02  3.28760e-01
-5.86427e-02 -4.57386e-02  3.41274e-01
-5.18447e-02 -3.30236e-02  3.53258e-01
-4.51648e-02 -2.05215e-02  3.64720e-01
-3.86021e-02 -8.23212e-03  3.75672e-01
-3.21556e-02  3.84461e-03  3.86121e-01
-2.58244e-02  1.57090e-02  3.96079e-01
-1.96074e-02  2.73616e-02  4.05555e-01
-1.35034e-02  3.88028e-02  4.14560e-01
-7.51130e-03  5.00333e-02  4.23102e-01
-1.62995e-03  6.10538e-02  4.31193e-01
 4.14189e-03  7.18652e-02  4.38842e-01
 9.80550e-03  8.24684e-02  4.46060e-01
 1.53622e-02  9.28643e-02  4.52858e-01
 2.08132e-02  1.03054e-01  4.59245e-01
 2.61600e-02  1.13039e-01  4.65231e-01
 3.14039e-02  1.22820e-01  4.70828e-01
 3.65463e-02  1.32399e-01  4.76045e-01
 4.15886e-02  1.41777e-01  4.80893e-01
 4.65322e-02  1.50955e-01  4.85382e-01
 5.13787e-02  1.59936e-01  4.89521e-01
 5.61294e-02  1.68720e-01  4.93322e-01
 6.07858e-02  1.77310e-01  4.96794e-01
 6.53494e-02  1.85706e-01  4.99947e-01
 6.98218e-02  1.93912e-01  5.02792e-01
 7.42043e-02  2.01928e-01  5.05337e-01
 7.84985e-02  2.09756e-01  5.07593e-01
 8.27058e-02  2.17399e-01  5.09570e-01
 8.68279e-02  2.24858e-01  5.11276e-01
 9.08661e-02  2.32136e-01  5.12722e-01
 9.48221e-02  2.39234e-01  5.13916e-01
 9.86971e-02  2.46154e-01  5.14868e-01
 1.02493e-01  2.52899e-01  5.15587e-01
 1.06211e-01  2.59470e-01  5.16082e-01
 1.09852e-01  2.65870e-01  5.16361e-01
 1.13419e-01  2.72101e-01  5.16434e-01
 1.16912e-01  2.78165e-01  5.16308e-01
 1.20333e-01  2.84065e-01  5.15993e-01
 1.23683e-01  2.89802e-01  5.15496e-01
 1.26965e-01  2.95379e-01  5.14827e-01
 1.30178e-01  3.00798e-01  5.13991e-01
 1.33325e-01  3.06061e-01  5.12998e-01
 1.36407e-01  3.11172e-01  5.11855e-01
 1.39426e-01  3.16131e-01  5.10569e-01
 1.42382e-01  3.20941e-01  5.09149e-01
 1.45278e-01  3.25605e-01  5.07600e-01
 1.48113e-01  3.30124e-01  5.05931e-01
 1.50891e-01  3.34502e-01  5.04147e-01
 1.53611e-01  3.38741e-01  5.02256e-01
 1.56275e-01  3.42842e-01  5.00264e-01
 1.58885e-01  3.46809e-01  4.98178e-01
 1.61442e-01  3.50643e-01  4.96003e-01
 1.63947e-01  3.54347e-01  4.93746e-01
 1.66400e-01  3.57923e-01  4.91413e-01
 1.68804e-01  3.61373e-01  4.89010e-01
 1.71159e-01  3.64700e-01  4.86541e-01
 1.73467e-01  3.67907e-01  4.84013e-01
 1.75728e-01  3.70994e-01  4.81431e-01
 1.77944e-01  3.73965e-01  4.78800e-01
 1.80116e-01  3.76822e-01  4.76125e-01
 1.82244e-01  3.79568e-01  4.73410e-01
 1.84330e-01  3.82203e-01  4.70660e-01
 1.86376e-01  3.84731e-01  4.67881e-01
 1.88380e-01  3.87154e-01  4.65075e-01
 1.90346e-01  3.89473e-01  4.62248e-01
 1.92273e-01  3.91692e-01  4.59403e-01
 1.94163e-01  3.93813e-01  4.56544e-01
 1.96017e-01  3.95836e-01  4.53676e-01
 1.97835e-01  3.97765e-01  4.50801e-01
 1.99618e-01  3.99602e-01  4.47924e-01
 2.01367e-01  4.01349e-01  4.45047e-01
 2.03083e-01  4.03007e-01  4.42174e-01
 2.04767e-01  4.04580e-01  4.39308e-01
 2.06420e-01  4.06068e-01  4.36451e-01
 2.08041e-01  4.07474e-01  4.33607e-01
 2.09633e-01  4.08801e-01  4.30779e-01
 2.11195e-01  4.10049e-01  4.27968e-01
 2.12729e-01  4.11220e-01  4.25178e-01
 2.14235e-01  4.12318e-01  4.22411e-01
 2.15713e-01  4.13343e-01  4.19668e-01
 2.17165e-01  4.14298e-01  4.16953e-01
 2.18592e-01  4.15184e-01  4.14266e-01
 2.19992e-01  4.16003e-01  4.11610e-01
 2.21369e-01  4.16758e-01  4.08987e-01
 2.22721e-01  4.17449e-01  4.06399e-01
 2.24049e-01  4.18078e-01  4.03846e-01
 2.25355e-01  4.18648e-01  4.01331e-01
 2.26637e-01  4.19160e-01  3.98854e-01
 2.27899e-01  4.19616e-01  3.96417e-01
 2.29138e-01  4.20016e-01  3.94022e-01
 2.30357e-01  4.20364e-01  3.91668e-01
 2.31555e-01  4.20661e-01  3.89358e-01
 2.32733e-01  4.20907e-01  3.87093e-01
 2.33892e-01  4.21106e-01  3.84872e-01
 2.35031e-01  4.21257e-01  3.82697e-01
 2.36152e-01  4.21363e-01  3.80568e-01
 2.37254e-01  4.21426e-01  3.78486e-01
 2.38339e-01  4.21446e-01  3.76452e-01
 2.39406e-01  4.21426e-01  3.74466e-01
 2.40455e-01  4.21366e-01  3.72528e-01
 2.41488e-01  4.21268e-01  3.70639e-01
 2.42505e-01  4.21133e-01  3.68799e-01
 2.43505e-01  4.20963e-01  3.67008e-01
 2.44490e-01  4.20759e-01  3.65266e-01
 2.45459e-01  4.20522e-01  3.63573e-01
 2.46413e-01  4.20254e-01  3.61930e-01
 2.47352e-01  4.19956e-01  3.60336e-01
 2.48277e-01  4.19628e-01  3.58791e-01
 2.49187e-01  4.19273e-01  3.57295e-01
 2.50083e-01  4.18892e-01  3.55848e-01
 2.50966e-01  4.18484e-01  3.54449e-01
 2.51835e-01  4.18053e-01  3.53099e-01
 2.52690e-01  4.17598e-01  3.51797e-01
 2.53532e-01  4.17121e-01  3.50542e-01
 2.54362e-01  4.16624e-01  3.49334e-01
 2.55179e-01  4.16106e-01  3.48173e-01
 2.55983e-01  4.15569e-01  3.47059e-01
 2.56776e-01  4.15014e-01  3.45990e-01
 2.57556e-01  4.14442e-01  3.44966e-01
 2.58324e-01  4.13854e-01  3.43987e-01
 2.59081e-01  4.13251e-01  3.43052e-01
 2.59826e-01  4.12634e-01  3.42160e-01
 2.60560e-01  4.12003e-01  3.41311e-01
 2.61282e-01  4.11360e-01  3.40504e-01
 2.61994e-01  4.10705e-01  3.39738e-01
 2.62694e-01  4.10040e-01  3.39013e-01
 2.63384e-01  4.09365e-01  3.38327e-01
 2.64064e-01  4.08680e-01  3.37681e-01
 2.64733e-01  4.07987e-01  3.37073e-01
 2.65391e-01  4.07287e-01  3.36503e-01
 2.66039e-01  4.06580e-01  3.35969e-01
 2.66678e-01  4.05866e-01  3.35472e-01
 2.67306e-01  4.05147e-01  3.35009e-01
 2.67924e-01  4.04424e-01  3.34580e-01
 2.68533e-01  4.03696e-01  3.34185e-01
 2.69132e-01  4.02965e-01  3.33823e-01
 2.69721e-01  4.02231e-01  3.33492e-01
 2.70301e-01  4.01495e-01  3.33192e-01
 2.70872e-01  4.00757e-01  3.32922e-01
 2.71433e-01  4.00018e-01  3.32680e-01
 2.71985e-01  3.99279e-01  3.32467e-01
 2.72528e-01  3.98540e-01  3.32281e-01
 2.73061e-01  3.97802e-01  3.32122e-01
 2.73586e-01  3.97065e-01  3.31988e-01
 2.74102e-01  3.96330e-01  3.31879e-01
 2.74609e-01  3.95597e-01  3.31793e-01
 2.75107e-01  3.94867e-01  3.31730e-01
 2.75597e-01  3.94140e-01  3.31689e-01
 2.76078e-01  3.93416e-01  3.31669e-01
 2.76550e-01  3.92697e-01  3.31669e-01
 2.77014e-01  3.91982e-01  3.31689e-01
 2.77469e-01  3.91272e-01  3.31727e-01
 2.77916e-01  3.90568e-01  3.31782e-01
 2.78354e-01  3.89869e-01  3.31854e-01
 2.78785e-01  3.89177e-01  3.31942e-01
 2.79207e-01  3.88490e-01  3.32045e-01
 2.79620e-01  3.87811e-01  3.32163e-01
 2.80026e-01  3.87139e-01  3.32293e-01
 2.80423e-01  3.86475e-01  3.32437e-01
 2.80812e-01  3.85818e-01  3.32592e-01
 2.81193e-01  3.85170e-01  3.32758e-01
 2.81566e-01  3.84530e-01  3.32934e-01
 2.81931e-01  3.83899e-01  3.33119e-01
 2.82288e-01  3.83277e-01  3.33313e-01
 2.82637e-01  3.82665e-01  3.33516e-01
 2.82979e-01  3.82062e-01  3.33725e-01
 2.83312e-01  3.81469e-01  3.33941e-01
 2.83637e-01  3.80886e-01  3.34162e-01
 2.83955e-01  3.80314e-01  3.34388e-01
 2.84265e-01  3.79752e-01  3.34619e-01
 2.84567e-01  3.79201e-01  3.34854e-01
 2.84861e-01  3.78661e-01  3.35091e-01
 2.85148e-01  3.78132e-01  3.35331e-01
 2.85427e-01  3.77615e-01  3.35573e-01
 2.85698e-01  3.77110e-01  3.35815e-01
 2.85962e-01  3.76616e-01  3.36058e-01
 2.86218e-01  3.76135e-01  3.36302e-01
 2.86466e-01  3.75665e-01  3.36544e-01
 2.86707e-01  3.75208e-01  3.36785e-01
 2.86940e-01  3.74764e-01  3.37025e-01
 2.87166e-01  3.74332e-01  3.37262e-01
 2.87384e-01  3.73913e-01  3.37497e-01
 2.87595e-01  3.73507e-01  3.37728e-01
 2.87798e-01  3.73115e-01  3.37955e-01
 2.87993e-01  3.72735e-01  3.38179e-01
 2.88181e-01  3.72369e-01  3.38397e-01
 2.88362e-01  3.72016e-01  3.38611e-01
 2.88535e-01  3.71677e-01  3.38819e-01
 2.88701e-01  3.71352e-01  3.39021e-01
 2.88859e-01  3.71040e-01  3.39216e-01
 2.89010e-01  3.70742e-01  3.39406e-01
 2.89153e-01  3.70458e-01  3.39588e-01
 2.89289e-01  3.70189e-01  3.39762e-01
 2.89418e-01  3.69933e-01  3.39930e-01
 2.89539e-01  3.69692e-01  3.40089e-01
 2.89653e-01  3.69465e-01  3.40240e-01
 2.89759e-01  3.69252e-01  3.40382e-01
 2.89858e-01  3.69053e-01  3.40516e-01
 2.89950e-01  3.68870e-01  3.40641e-01
 2.90034e-01  3.68700e-01  3.40756e-01
 2.90111e-01  3.68546e-01  3.40862e-01
 2.90181e-01  3.68405e-01  3.40959e-01
 2.90243e-01  3.68280e-01  3.41046e-01
 2.90298e-01  3.68169e-01  3.41123e-01
 2.90346e-01  3.68073e-01  3.41190e-01
 2.90386e-01  3.67992e-01  3.41247e-01
 2.90419e-01  3.67925e-01  3.41293e-01
 2.90445e-01  3.67873e-01  3.41330e-01
 2.90463e-01  3.67836e-01  3.41356e-01
 2.90474e-01  3.67814e-01  3.41371e-01
 2.90478e-01  3.67806e-01  3.41376e-01
