 3.74116e+00  3.18189e+00  2.38863e+00
 3.73741e+00  3.17828e+00  2.38556e+00
 3.74100e+00  3.18229e+00  2.39118e+00
 3.74104e+00  3.18302e+00  2.39461e+00
 3.74151e+00  3.18444e+00  2.39981e+00
 3.74657e+00  3.19075e+00  2.41095e+00
 3.74473e+00  3.19042e+00  2.41651e+00
 3.75203e+00  3.19950e+00  2.43253e+00
 3.75202e+00  3.20154e+00  2.44255e+00
 3.75698e+00  3.20882e+00  2.45883e+00
 3.76263e+00  3.21706e+00  2.47708e+00
 3.76311e+00  3.22039e+00  2.49141e+00
 3.77408e+00  3.23446e+00  2.51747e+00
 3.77311e+00  3.23685e+00  2.53280e+00
 3.78388e+00  3.25124e+00  2.56107e+00
 3.78855e+00  3.25977e+00  2.58441e+00
 3.79152e+00  3.26685e+00  2.60720e+00
 3.80865e+00  3.28833e+00  2.64528e+00
 3.79838e+00  3.28266e+00  2.65710e+00
 3.83387e+00  3.32298e+00  2.71578e+00
 3.76223e+00  3.25642e+00  2.66856e+00
 3.35157e+00  2.85108e+00  2.28358e+00
 2.83010e+00  2.33518e+00  1.78889e+00
 2.36029e+00  1.87113e+00  1.34672e+00
 1.85714e+00  1.37394e+00  8.71980e-01
 1.37071e+00  8.93660e-01  4.14607e-01
 8.86020e-01  4.15288e-01 -4.04880e-02
 3.82443e-01 -8.18105e-02 -5.14032e-01
-8.57271e-02 -5.43356e-01 -9.51860e-01
-6.05241e-01 -1.05611e+00 -1.44082e+00
-1.01482e+00 -1.45882e+00 -1.81986e+00
-1.08240e+00 -1.51943e+00 -1.85711e+00
-1.04545e+00 -1.47543e+00 -1.78996e+00
-1.05094e+00 -1.47376e+00 -1.76529e+00
-1.03049e+00 -1.44605e+00 -1.71476e+00
-1.02325e+00 -1.43147e+00 -1.67750e+00
-1.01276e+00 -1.41353e+00 -1.63708e+00
-9.98151e-01 -1.39141e+00 -1.59267e+00
-9.91619e-01 -1.37728e+00 -1.55648e+00
-9.75877e-01 -1.35386e+00 -1.51125e+00
-9.67847e-01 -1.33810e+00 -1.47393e+00
-9.55043e-01 -1.31749e+00 -1.43207e+00
-9.43402e-01 -1.29800e+00 -1.39162e+00
-9.33784e-01 -1.28047e+00 -1.35347e+00
-9.19959e-01 -1.25869e+00 -1.31142e+00
-9.11144e-01 -1.24188e+00 -1.27469e+00
-8.97897e-01 -1.22061e+00 -1.23389e+00
-8.87534e-01 -1.20219e+00 -1.19633e+00
-8.76428e-01 -1.18299e+00 -1.15841e+00
-8.64097e-01 -1.16256e+00 -1.11967e+00
-8.54552e-01 -1.14489e+00 -1.08414e+00
-8.41669e-01 -1.12387e+00 -1.04570e+00
-8.31954e-01 -1.10601e+00 -1.01088e+00
-8.20201e-01 -1.08611e+00 -9.74475e-01
-8.09162e-01 -1.06693e+00 -9.39262e-01
-7.99017e-01 -1.04865e+00 -9.05426e-01
-7.86976e-01 -1.02847e+00 -8.70187e-01
-7.77538e-01 -1.01092e+00 -8.38051e-01
-7.65775e-01 -9.91056e-01 -8.04102e-01
-7.55790e-01 -9.72991e-01 -7.72445e-01
-7.45285e-01 -9.54431e-01 -7.40791e-01
-7.34324e-01 -9.35441e-01 -7.09207e-01
-7.24946e-01 -9.18068e-01 -6.79739e-01
-7.13675e-01 -8.98835e-01 -6.48912e-01
-7.04468e-01 -8.81703e-01 -6.20685e-01
-6.93923e-01 -8.63275e-01 -5.91660e-01
-6.84075e-01 -8.45588e-01 -5.63872e-01
-6.74694e-01 -8.28414e-01 -5.37092e-01
-6.64261e-01 -8.10238e-01 -5.09801e-01
-6.55570e-01 -7.93856e-01 -4.84790e-01
-6.45333e-01 -7.75984e-01 -4.58773e-01
-6.36482e-01 -7.59556e-01 -4.34679e-01
-6.27167e-01 -7.42724e-01 -4.10655e-01
-6.17750e-01 -7.25853e-01 -3.87061e-01
-6.09379e-01 -7.10093e-01 -3.65040e-01
-5.99763e-01 -6.93155e-01 -3.42299e-01
-5.91707e-01 -6.77846e-01 -3.21636e-01
-5.82628e-01 -6.61586e-01 -3.00466e-01
-5.74245e-01 -6.46096e-01 -2.80503e-01
-5.66102e-01 -6.30921e-01 -2.61283e-01
-5.57333e-01 -6.15198e-01 -2.41937e-01
-5.49851e-01 -6.00841e-01 -2.24371e-01
-5.41225e-01 -5.85420e-01 -2.06146e-01
-5.33768e-01 -5.71252e-01 -1.89570e-01
-5.25866e-01 -5.56722e-01 -1.73022e-01
-5.18051e-01 -5.42364e-01 -1.57026e-01
-5.10967e-01 -5.28825e-01 -1.42219e-01
-5.02999e-01 -5.14489e-01 -1.26979e-01
-4.96286e-01 -5.01499e-01 -1.13436e-01
-4.88726e-01 -4.87752e-01 -9.94816e-02
-4.81848e-01 -4.74778e-01 -8.66352e-02
-4.75064e-01 -4.61991e-01 -7.43007e-02
-4.67900e-01 -4.48918e-01 -6.19964e-02
-4.61733e-01 -4.36937e-01 -5.10903e-02
-4.54660e-01 -4.24145e-01 -3.96709e-02
-4.48606e-01 -4.12468e-01 -2.96538e-02
-4.42111e-01 -4.00448e-01 -1.95720e-02
-4.35808e-01 -3.88716e-01 -1.00474e-02
-4.30024e-01 -3.77602e-01 -1.40030e-03
-4.23580e-01 -3.65926e-01  7.55937e-03
-4.18177e-01 -3.55391e-01  1.51379e-02
-4.12037e-01 -3.44218e-01  2.31230e-02
-4.06553e-01 -3.33801e-01  3.01300e-02
-4.01058e-01 -3.23474e-01  3.68355e-02
-3.95338e-01 -3.13021e-01  4.34628e-02
-3.90406e-01 -3.03457e-01  4.90074e-02
-3.84724e-01 -2.93243e-01  5.50157e-02
-3.79942e-01 -2.84031e-01  5.98471e-02
-3.74718e-01 -2.74478e-01  6.48519e-02
-3.69746e-01 -2.65276e-01  6.93465e-02
-3.65137e-01 -2.56539e-01  7.32265e-02
-3.60016e-01 -2.47390e-01  7.73762e-02
-3.55775e-01 -2.39220e-01  8.04139e-02
-3.50869e-01 -2.30487e-01  8.38899e-02
-3.46590e-01 -2.22480e-01  8.65236e-02
-3.42219e-01 -2.14481e-01  8.90401e-02
-3.37726e-01 -2.06458e-01  9.14798e-02
-3.33860e-01 -1.99161e-01  9.30998e-02
-3.29354e-01 -1.91323e-01  9.51752e-02
-3.25651e-01 -1.84385e-01  9.62726e-02
-3.21503e-01 -1.77099e-01  9.76471e-02
-3.17640e-01 -1.70195e-01  9.85751e-02
-3.14020e-01 -1.63630e-01  9.91074e-02
-3.09995e-01 -1.56756e-01  9.98991e-02
-3.06719e-01 -1.50725e-01  9.98047e-02
-3.02832e-01 -1.44178e-01  1.00188e-01
-2.99540e-01 -1.38318e-01  9.98545e-02
-2.96094e-01 -1.32397e-01  9.95573e-02
-2.92597e-01 -1.26517e-01  9.92008e-02
-2.89600e-01 -1.21228e-01  9.82406e-02
-2.86047e-01 -1.15472e-01  9.77396e-02
-2.83213e-01 -1.10525e-01  9.64288e-02
-2.79931e-01 -1.05219e-01  9.54817e-02
-2.76956e-01 -1.00306e-01  9.41493e-02
-2.74128e-01 -9.56265e-02  9.25980e-02
-2.70976e-01 -9.07082e-02  9.13041e-02
-2.68464e-01 -8.65153e-02  8.93087e-02
-2.65386e-01 -8.18395e-02  8.78242e-02
-2.62871e-01 -7.78090e-02  8.57268e-02
-2.60154e-01 -7.36566e-02  8.37880e-02
-2.57439e-01 -6.95878e-02  8.18063e-02
-2.55121e-01 -6.59945e-02  7.93937e-02
-2.52313e-01 -6.19891e-02  7.74415e-02
-2.50154e-01 -5.87097e-02  7.48153e-02
-2.47546e-01 -5.50568e-02  7.26179e-02
-2.45258e-01 -5.17992e-02  7.00837e-02
-2.43040e-01 -4.86839e-02  6.74689e-02
-2.40562e-01 -4.53819e-02  6.51055e-02
-2.38636e-01 -4.27025e-02  6.21872e-02
-2.36181e-01 -3.95635e-02  5.97985e-02
-2.34261e-01 -3.70281e-02  5.68791e-02
-2.32099e-01 -3.43182e-02  5.42091e-02
-2.29983e-01 -3.17213e-02  5.15037e-02
-2.28178e-01 -2.95001e-02  4.85022e-02
-2.25940e-01 -2.69087e-02  4.59522e-02
-2.24290e-01 -2.49686e-02  4.28344e-02
-2.22193e-01 -2.26425e-02  4.01878e-02
-2.20427e-01 -2.07071e-02  3.72373e-02
-2.18666e-01 -1.88360e-02  3.43106e-02
-2.16701e-01 -1.68184e-02  3.16201e-02
-2.15213e-01 -1.53334e-02  2.84880e-02
-2.13228e-01 -1.34074e-02  2.58888e-02
-2.11754e-01 -1.20451e-02  2.28190e-02
-2.10008e-01 -1.04635e-02  2.00623e-02
-2.08344e-01 -9.01627e-03  1.72661e-02
-2.06920e-01 -7.85830e-03  1.42761e-02
-2.05112e-01 -6.36473e-03  1.17177e-02
-2.03841e-01 -5.45587e-03  8.67136e-03
-2.02126e-01 -4.15047e-03  6.11835e-03
-2.00751e-01 -3.22865e-03  3.27914e-03
-1.99329e-01 -2.30434e-03  5.39921e-04
-1.97751e-01 -1.26679e-03 -1.98848e-03
-1.96585e-01 -6.82687e-04 -4.87253e-03
-1.94954e-01  3.25698e-04 -7.23480e-03
-1.93812e-01  8.07089e-04 -1.00264e-02
-1.92374e-01  1.54551e-03 -1.24637e-02
-1.91052e-01  2.13234e-03 -1.49556e-02
-1.89908e-01  2.50503e-03 -1.75648e-02
-1.88425e-01  3.18277e-03 -1.97728e-02
-1.87434e-01  3.33513e-03 -2.24103e-02
-1.86006e-01  3.89149e-03 -2.45486e-02
-1.84925e-01  4.07169e-03 -2.69684e-02
-1.83753e-01  4.31164e-03 -2.92345e-02
-1.82469e-01  4.63549e-03 -3.13236e-02
-1.81541e-01  4.57533e-03 -3.37041e-02
-1.80179e-01  4.92307e-03 -3.55853e-02
-1.79286e-01  4.77690e-03 -3.78696e-02
-1.78080e-01  4.91896e-03 -3.97760e-02
-1.77017e-01  4.89426e-03 -4.17604e-02
-1.76081e-01  4.72067e-03 -4.38060e-02
-1.74848e-01  4.82361e-03 -4.54885e-02
-1.74067e-01  4.45378e-03 -4.75581e-02
-1.72858e-01  4.49212e-03 -4.91354e-02
-1.72001e-01  4.16095e-03 -5.09990e-02
-1.71018e-01  3.93840e-03 -5.26721e-02
-1.69962e-01  3.77253e-03 -5.42078e-02
-1.69214e-01  3.28370e-03 -5.59872e-02
-1.68060e-01  3.18574e-03 -5.72977e-02
-1.67358e-01  2.62326e-03 -5.89959e-02
-1.66329e-01  2.37428e-03 -6.03055e-02
-1.65470e-01  1.94418e-03 -6.17222e-02
-1.64693e-01  1.42201e-03 -6.31585e-02
-1.63656e-01  1.14867e-03 -6.42750e-02
-1.63037e-01  4.49168e-04 -6.57480e-02
-1.62001e-01  1.58746e-04 -6.67439e-02
-1.61321e-01 -4.95814e-04 -6.80371e-02
-1.60485e-01 -1.00008e-03 -6.91151e-02
-1.59612e-01 -1.47389e-03 -7.00989e-02
-1.59003e-01 -2.21677e-03 -7.12897e-02
-1.58018e-01 -2.58692e-03 -7.20473e-02
-1.57467e-01 -3.39565e-03 -7.31843e-02
-1.56581e-01 -3.87080e-03 -7.39304e-02
-1.55887e-01 -4.54135e-03 -7.48159e-02
-1.55235e-01 -5.25427e-03 -7.56893e-02
-1.54361e-01 -5.74590e-03 -7.62888e-02
-1.53872e-01 -6.62223e-03 -7.72216e-02
-1.52977e-01 -7.09161e-03 -7.76978e-02
-1.52443e-01 -7.92118e-03 -7.84860e-02
-1.51726e-01 -8.56487e-03 -7.90418e-02
-1.51006e-01 -9.20393e-03 -7.95479e-02
-1.50512e-01 -1.00642e-02 -8.02316e-02
-1.49667e-01 -1.05711e-02 -8.05202e-02
-1.49244e-01 -1.14937e-02 -8.11839e-02
-1.48476e-01 -1.20670e-02 -8.14596e-02
-1.47923e-01 -1.28503e-02 -8.19077e-02
-1.47376e-01 -1.36321e-02 -8.23186e-02
-1.46641e-01 -1.42204e-02 -8.25016e-02
-1.46262e-01 -1.51562e-02 -8.29992e-02
-1.45488e-01 -1.56899e-02 -8.30634e-02
-1.45080e-01 -1.65811e-02 -8.34551e-02
-1.44464e-01 -1.72560e-02 -8.36020e-02
-1.43879e-01 -1.79519e-02 -8.37430e-02
-1.43482e-01 -1.88260e-02 -8.40366e-02
-1.42762e-01 -1.93674e-02 -8.39733e-02
-1.42448e-01 -2.03041e-02 -8.42825e-02
-1.41784e-01 -2.08797e-02 -8.42094e-02
-1.41357e-01 -2.16799e-02 -8.43407e-02
-1.40901e-01 -2.24398e-02 -8.44131e-02
-1.40291e-01 -2.30341e-02 -8.43026e-02
-1.40008e-01 -2.39423e-02 -8.44899e-02
-1.39343e-01 -2.44555e-02 -8.42676e-02
-1.39048e-01 -2.53246e-02 -8.43877e-02
-1.38524e-01 -2.59510e-02 -8.42531e-02
-1.38060e-01 -2.66241e-02 -8.41542e-02
-1.37750e-01 -2.74365e-02 -8.41849e-02
-1.37144e-01 -2.79377e-02 -8.38961e-02
-1.36930e-01 -2.88159e-02 -8.39768e-02
-1.36362e-01 -2.93242e-02 -8.36817e-02
-1.36048e-01 -3.00721e-02 -8.36211e-02
-1.35676e-01 -3.07446e-02 -8.34813e-02
-1.35182e-01 -3.12797e-02 -8.32015e-02
-1.34988e-01 -3.20978e-02 -8.32029e-02
-1.34424e-01 -3.25299e-02 -8.28179e-02
-1.34233e-01 -3.33172e-02 -8.27885e-02
-1.33794e-01 -3.38388e-02 -8.24948e-02
-1.33444e-01 -3.44326e-02 -8.22760e-02
-1.33215e-01 -3.51299e-02 -8.21642e-02
-1.32716e-01 -3.55386e-02 -8.17682e-02
-1.32595e-01 -3.63074e-02 -8.17376e-02
-1.32117e-01 -3.66999e-02 -8.13372e-02
-1.31911e-01 -3.73470e-02 -8.11986e-02
-1.31617e-01 -3.78869e-02 -8.09607e-02
-1.31233e-01 -3.83178e-02 -8.06229e-02
-1.31122e-01 -3.90028e-02 -8.05489e-02
-1.30656e-01 -3.93124e-02 -8.01102e-02
-1.30563e-01 -3.99769e-02 -8.00377e-02
-1.30205e-01 -4.03553e-02 -7.96912e-02
-1.29964e-01 -4.08316e-02 -7.94555e-02
-1.29812e-01 -4.13778e-02 -7.93033e-02
-1.29416e-01 -4.16586e-02 -7.89002e-02
-1.29384e-01 -4.22838e-02 -7.88562e-02
-1.28992e-01 -4.25284e-02 -7.84473e-02
-1.28890e-01 -4.30425e-02 -7.83243e-02
-1.28672e-01 -4.34199e-02 -7.80813e-02
-1.28394e-01 -4.37169e-02 -7.77754e-02
-1.28364e-01 -4.42406e-02 -7.77143e-02
-1.27991e-01 -4.44008e-02 -7.73083e-02
-1.27994e-01 -4.49159e-02 -7.72763e-02
-1.27714e-01 -4.51267e-02 -7.69595e-02
-1.27578e-01 -4.54608e-02 -7.67861e-02
-1.27502e-01 -4.58330e-02 -7.66715e-02
-1.27206e-01 -4.59639e-02 -7.63365e-02
-1.27261e-01 -4.64239e-02 -7.63520e-02
-1.26954e-01 -4.65006e-02 -7.60061e-02
-1.26952e-01 -4.68619e-02 -7.59667e-02
-1.26808e-01 -4.70585e-02 -7.57853e-02
-1.26634e-01 -4.72037e-02 -7.55754e-02
-1.26683e-01 -4.75491e-02 -7.55888e-02
-1.26402e-01 -4.75441e-02 -7.52752e-02
-1.26499e-01 -4.78941e-02 -7.53403e-02
-1.26296e-01 -4.79230e-02 -7.51084e-02
-1.26264e-01 -4.81008e-02 -7.50494e-02
-1.26262e-01 -4.82862e-02 -7.50225e-02
-1.26065e-01 -4.82549e-02 -7.48034e-02
-1.26204e-01 -4.85378e-02 -7.49232e-02
-1.25981e-01 -4.84362e-02 -7.46834e-02
-1.26079e-01 -4.86339e-02 -7.47679e-02
-1.26008e-01 -4.86405e-02 -7.46863e-02
-1.25937e-01 -4.86249e-02 -7.46076e-02
-1.26063e-01 -4.87837e-02 -7.47286e-02
-1.25874e-01 -4.86061e-02 -7.45385e-02
